0.0004301840953
0.001720771258
0.002868104524
0.004015701336
0.005163685783
0.006312182031
0.00746131436
0.008611207186
0.009761985091
0.01091377285
0.01206669547
0.01322087821
0.0143764466
0.01553352649
0.01669224406
0.01785272588
0.0190150989
0.02017949051
0.02134602856
0.02251484136
0.02368605778
0.02485980721
0.02603621963
0.02721542563
0.02839755645
0.02958274397
0.03077112082
0.03196282033
0.03315797661
0.03435672458
0.03555919998
0.03676553942
0.03797588041
0.0391903614
0.0404091218
0.04163230203
0.04286004353
0.04409248883
0.04532978158
0.04657206653
0.04781948967
0.04907219816
0.05033034045
0.05159406626
0.05286352667
0.0541388741
0.05542026242
0.05670784692
0.05800178441
0.05930223322
0.06060935328
0.06192330611
0.06324425492
0.06457236463
0.06590780191
0.06725073522
0.06860133488
0.06995977312
0.07132622408
0.07270086392
0.07408387084
0.07547542512
0.0768757092
0.07828490771
0.07970320754
0.08113079789
0.08256787031
0.08401461877
0.08547123974
0.08693793221
0.08841489777
0.08990234066
0.09140046785
0.09290948911
0.09442961703
0.09596106714
0.09750405794
0.099058811
0.100625551
0.1022045058
0.1037959066
0.1053999879
0.1070169875
0.108647147
0.1102907113
0.111947929
0.1136190526
0.1153043384
0.1170040464
0.1187184409
0.1204477901
0.1221923664
0.1239524467
0.125728312
0.1275202479
0.1293285447
0.1311534973
0.1329954053
0.1348545734
0.1367313112
0.1386259333
0.1405387599
0.1424701163
0.1444203333
0.1463897475
0.148378701
0.1503875421
0.1524166248
0.1544663093
0.1565369623
0.1586289568
0.1607426724
0.1628784953
0.1650368189
0.1672180435
0.1694225765
0.1716508328
0.1739032349
0.1761802129
0.1784822051
0.1808096576
0.1831630249
0.18554277
0.1879493645
0.1903832892
0.1928450336
0.1953350968
0.1978539872
0.2004022234
0.2029803335
0.2055888562
0.2082283406
0.2108993464
0.2136024445
0.216338217
0.2191072576
0.2219101717
0.224747577
0.2276201035
0.2305283938
0.2334731039
0.2364549028
0.2394744734
0.2425325126
0.2456297315
0.2487668562
0.2519446278
0.2551638028
0.2584251539
0.2617294696
0.2650775556
0.2684702343
0.271908346
0.2753927489
0.2789243197
0.2825039539
0.2861325666
0.289811093
0.2935404884
0.2973217296
0.3011558145
0.3050437635
0.3089866195
0.3129854489
0.3170413419
0.3211554133
0.3253288034
0.3295626781
0.3338582302
0.3382166796
0.3426392746
0.3471272922
0.3516820391
0.3563048525
0.3609971008
0.365760185
0.3705955387
0.3755046298
0.3804889611
0.3855500715
0.3906895367
0.3959089705
0.4012100258
0.406594396
0.4120638154
0.4176200614
0.4232649549
0.429000362
0.4348281953
0.4407504151
0.4467690309
0.4528861028
0.4591037433
0.4654241184
0.4718494493
0.4783820145
0.485024151
0.4917782564
0.4986467904
0.5056322773
0.5127373072
0.5199645389
0.5273167013
0.5347965957
0.5424070987
0.5501511637
0.5580318238
0.5660521944
0.5742154754
0.5825249544
0.5909840092
0.5995961106
0.6083648258
0.6172938214
0.6263868665
0.6356478361
0.6450807147
0.6546896
0.6644787064
0.6744523691
0.6846150483
0.694971333
0.7055259459
0.7162837475
0.7272497411
0.7384290777
0.749827061
0.7614491528
0.7733009785
0.7853883328
0.7977171858
0.8102936893
0.8231241829
0.8362152012
0.8495734805
0.8632059661
0.8771198205
0.8913224303
0.9058214155
0.9206246373
0.9357402079
0.951176499
0.9669421522
0.9830460889
0.999497521
1.016305962
1.033481239
1.051033504
1.068973246
1.087311307
1.106058893
1.125227588
1.144829373
1.164876638
1.185382198
1.206359314
1.227821707
1.24978358
1.272259637
1.295265102
1.318815741
1.342927887
1.367618462
1.392905003
1.418805685
1.445339353
1.472525548
1.500384538
1.528937349
1.5582058
1.588212536
1.618981065
1.650535798
1.68290209
1.71610628
1.750175739
1.785138914
1.82102538
1.857865896
1.895692451
1.934538331
1.974438176
2.015428047
2.057545492
2.100829619
2.145321173
2.191062617
2.238098213
2.286474115
2.336238466
2.387441491
2.440135612
2.494375553
2.550218464
2.607724044
2.666954677
2.727975573
2.790854915
2.855664024
2.922477525
2.991373527
3.062433815
3.135744052
3.211393996
3.289477732
3.370093911
3.453346016
3.539342638
3.628197773
3.720031137
3.814968503
3.913142063
4.014690811
4.119760957
4.228506364
4.341089022
4.457679548
4.578457734
4.703613117
4.833345611
4.967866165
5.107397485
5.252174804
5.402446709
5.558476035
5.720540824
5.888935358
6.06397128
6.245978796
6.435307975
6.632330157
6.837439474
7.051054495
7.273620011
7.505608969
7.747524567
7.999902536
8.263313616
8.53836625
8.825709515
9.126036321
9.440086897
9.768652601
10.11258008
10.4727758
10.85021109
11.24592752
11.66104298
12.09675821
12.55436407
13.0352495
13.54091033
14.07295896
7.198188309
